149
646
99
593
99
194
209
108
133
176
86
66
66
68
66
67
67
66
67
67
65
65
65
66
66
68
67
67
65
73
67
66
65
65
66
65
64
65
66
65
66
65
66
65
65
65
65
65
65
64
63
64
65
64
64
64
64
64
65
65
64
64
64
64
64
63
63
64
64
65
63
57
65
63
63
65
64
63
75
64
65
64
64
64
63
64
64
64
64
63
63
63
63
65
65
64
63
63
62
62
62
63
63
63
62
63
64
65
63
64
65
63
63
64
63
63
62
63
65
64
63
63
61
63
63
63
63
62
63
64
64
64
63
64
62
62
63
63
63
63
63
63
63
63
62
63
62
62
62
62
62
62
60
63
62
62
62
62
62
62
62
62
63
62
63
62
62
62
63
62
62
62
62
62
62
