8640
6816
4599
3476
1989
631
525
424
404
250
216
207
192
173
663
669
585
612
541
116
116
136
149
120
102
117
118
143
144
151
147
81
81
93
81
95
101
90
97
87
103
96
101
112
118
127
138
135
126
185
220
113
138
235
250
68
80
81
82
81
77
77
68
67
69
96
93
96
85
97
138
156
149
174
75
81
76
76
78
65
79
80
84
90
92
103
75
64
76
87
81
77
101
131
128
110
141
148
78
66
79
67
93
118
133
189
259
251
33
81
73
77
98
106
155
158
72
82
70
88
98
99
85
92
76
88
77
93
88
102
73
84
77
86
90
92
93
91
101
109
84
112
111
126
113
93
111
117
115
122
120
115
112
127
191
358
382
428
476
507
339
535
593
712
593
781
736
916
1093
1229
1577
2281
2913
3532
5046
8138
25013
